   0.000000000000e+00
   0.000000000000e+00
   0.000000000000e+00
   0.000000000000e+00
   0.000000000000e+00
   0.000000000000e+00
   0.000000000000e+00
   0.000000000000e+00
   0.000000000000e+00
   0.000000000000e+00
   0.000000000000e+00
   0.000000000000e+00
   0.000000000000e+00
   0.000000000000e+00
   0.000000000000e+00
   0.000000000000e+00
   0.000000000000e+00
   0.000000000000e+00
   0.000000000000e+00
   0.000000000000e+00
   0.000000000000e+00
   0.000000000000e+00
   0.000000000000e+00
   0.000000000000e+00
   0.000000000000e+00
   0.000000000000e+00
   0.000000000000e+00
   0.000000000000e+00
   0.000000000000e+00
   0.000000000000e+00
  -1.019257313831e+00
   0.000000000000e+00
   0.000000000000e+00
   0.000000000000e+00
   0.000000000000e+00
   0.000000000000e+00
   0.000000000000e+00
   0.000000000000e+00
   0.000000000000e+00
   0.000000000000e+00
   0.000000000000e+00
   0.000000000000e+00
   0.000000000000e+00
   0.000000000000e+00
   0.000000000000e+00
   0.000000000000e+00
   0.000000000000e+00
   0.000000000000e+00
   0.000000000000e+00
   0.000000000000e+00
   0.000000000000e+00
   0.000000000000e+00
   0.000000000000e+00
   0.000000000000e+00
   0.000000000000e+00
   0.000000000000e+00
   0.000000000000e+00
   0.000000000000e+00
   0.000000000000e+00
   0.000000000000e+00
   0.000000000000e+00
   0.000000000000e+00
   0.000000000000e+00
   0.000000000000e+00
   0.000000000000e+00
   0.000000000000e+00
  -7.975633109857e-01
   8.605699369589e-01
  -1.162498590881e+00
   0.000000000000e+00
   0.000000000000e+00
   0.000000000000e+00
   0.000000000000e+00
   0.000000000000e+00
   0.000000000000e+00
   0.000000000000e+00
   0.000000000000e+00
   0.000000000000e+00
   0.000000000000e+00
   0.000000000000e+00
   0.000000000000e+00
   0.000000000000e+00
   0.000000000000e+00
   0.000000000000e+00
   0.000000000000e+00
   0.000000000000e+00
   0.000000000000e+00
   0.000000000000e+00
   0.000000000000e+00
   0.000000000000e+00
   0.000000000000e+00
   0.000000000000e+00
   0.000000000000e+00
   0.000000000000e+00
   0.000000000000e+00
   0.000000000000e+00
   0.000000000000e+00
   0.000000000000e+00
   0.000000000000e+00
   0.000000000000e+00
   0.000000000000e+00
   0.000000000000e+00
   0.000000000000e+00
   0.000000000000e+00
   0.000000000000e+00
   0.000000000000e+00
   0.000000000000e+00
   0.000000000000e+00
   0.000000000000e+00
   0.000000000000e+00
   0.000000000000e+00
   0.000000000000e+00
   0.000000000000e+00
   0.000000000000e+00
   0.000000000000e+00
   9.013210197406e-01
   0.000000000000e+00
   0.000000000000e+00
   0.000000000000e+00
   0.000000000000e+00
   0.000000000000e+00
   0.000000000000e+00
   0.000000000000e+00
   0.000000000000e+00
   1.113192274418e+00
   0.000000000000e+00
   0.000000000000e+00
   0.000000000000e+00
   0.000000000000e+00
   0.000000000000e+00
   0.000000000000e+00
   0.000000000000e+00
   0.000000000000e+00
   0.000000000000e+00
   0.000000000000e+00
   9.441577397138e-01
   0.000000000000e+00
   0.000000000000e+00
   0.000000000000e+00
   0.000000000000e+00
   0.000000000000e+00
  -1.014822169235e+00
   0.000000000000e+00
   0.000000000000e+00
   0.000000000000e+00
   0.000000000000e+00
   0.000000000000e+00
   0.000000000000e+00
   0.000000000000e+00
   0.000000000000e+00
   0.000000000000e+00
   0.000000000000e+00
   0.000000000000e+00
   0.000000000000e+00
   0.000000000000e+00
   0.000000000000e+00
   0.000000000000e+00
  -8.740810627830e-01
   0.000000000000e+00
   0.000000000000e+00
   0.000000000000e+00
   0.000000000000e+00
   0.000000000000e+00
   0.000000000000e+00
   0.000000000000e+00
   0.000000000000e+00
   0.000000000000e+00
   8.929400728014e-01
   0.000000000000e+00
   0.000000000000e+00
   0.000000000000e+00
   0.000000000000e+00
   9.678866033748e-01
   0.000000000000e+00
   0.000000000000e+00
   0.000000000000e+00
   0.000000000000e+00
   0.000000000000e+00
   0.000000000000e+00
   0.000000000000e+00
   0.000000000000e+00
   0.000000000000e+00
   0.000000000000e+00
   0.000000000000e+00
   0.000000000000e+00
   0.000000000000e+00
   0.000000000000e+00
   0.000000000000e+00
   0.000000000000e+00
  -9.555179087767e-01
   0.000000000000e+00
   0.000000000000e+00
   0.000000000000e+00
   0.000000000000e+00
   0.000000000000e+00
   9.765088866857e-01
   0.000000000000e+00
   0.000000000000e+00
   0.000000000000e+00
   0.000000000000e+00
  -9.182095007328e-01
   0.000000000000e+00
   0.000000000000e+00
   0.000000000000e+00
   0.000000000000e+00
   0.000000000000e+00
   0.000000000000e+00
   0.000000000000e+00
   0.000000000000e+00
   0.000000000000e+00
   0.000000000000e+00
   0.000000000000e+00
   0.000000000000e+00
   0.000000000000e+00
   0.000000000000e+00
   0.000000000000e+00
   0.000000000000e+00
   0.000000000000e+00
   0.000000000000e+00
   0.000000000000e+00
   0.000000000000e+00
   0.000000000000e+00
   0.000000000000e+00
   0.000000000000e+00
   0.000000000000e+00
   9.749722991787e-01
   0.000000000000e+00
   0.000000000000e+00
   0.000000000000e+00
   0.000000000000e+00
   0.000000000000e+00
   0.000000000000e+00
   0.000000000000e+00
   0.000000000000e+00
   0.000000000000e+00
   0.000000000000e+00
   0.000000000000e+00
   0.000000000000e+00
   0.000000000000e+00
   0.000000000000e+00
   0.000000000000e+00
   0.000000000000e+00
   0.000000000000e+00
   0.000000000000e+00
   0.000000000000e+00
   0.000000000000e+00
   0.000000000000e+00
   0.000000000000e+00
   0.000000000000e+00
   0.000000000000e+00
   0.000000000000e+00
   0.000000000000e+00
   0.000000000000e+00
   0.000000000000e+00
   0.000000000000e+00
   0.000000000000e+00
   0.000000000000e+00
   0.000000000000e+00
   0.000000000000e+00
   0.000000000000e+00
   0.000000000000e+00
   0.000000000000e+00
   0.000000000000e+00
   0.000000000000e+00
   0.000000000000e+00
   0.000000000000e+00
   0.000000000000e+00
   0.000000000000e+00
   0.000000000000e+00
   0.000000000000e+00
   0.000000000000e+00
  -9.275333389517e-01
   0.000000000000e+00
   0.000000000000e+00
   0.000000000000e+00
   0.000000000000e+00
   0.000000000000e+00
   0.000000000000e+00
   0.000000000000e+00
   0.000000000000e+00
   0.000000000000e+00
   0.000000000000e+00
   0.000000000000e+00
   0.000000000000e+00
   0.000000000000e+00
   0.000000000000e+00
   0.000000000000e+00
   0.000000000000e+00
   0.000000000000e+00
   0.000000000000e+00
   0.000000000000e+00
   0.000000000000e+00
   0.000000000000e+00
   0.000000000000e+00
   0.000000000000e+00
   0.000000000000e+00
   0.000000000000e+00
   0.000000000000e+00
   0.000000000000e+00
   0.000000000000e+00
   0.000000000000e+00
   0.000000000000e+00
   0.000000000000e+00
   0.000000000000e+00
   0.000000000000e+00
   0.000000000000e+00
   0.000000000000e+00
   0.000000000000e+00
   0.000000000000e+00
   0.000000000000e+00
   0.000000000000e+00
   0.000000000000e+00
   0.000000000000e+00
   0.000000000000e+00
   0.000000000000e+00
   0.000000000000e+00
   0.000000000000e+00
   0.000000000000e+00
   0.000000000000e+00
   0.000000000000e+00
   0.000000000000e+00
   0.000000000000e+00
   0.000000000000e+00
   0.000000000000e+00
   0.000000000000e+00
   0.000000000000e+00
   0.000000000000e+00
   0.000000000000e+00
   0.000000000000e+00
   0.000000000000e+00
   0.000000000000e+00
   0.000000000000e+00
   0.000000000000e+00
   0.000000000000e+00
   0.000000000000e+00
   0.000000000000e+00
   0.000000000000e+00
   0.000000000000e+00
   0.000000000000e+00
   0.000000000000e+00
   0.000000000000e+00
   0.000000000000e+00
   0.000000000000e+00
   0.000000000000e+00
   0.000000000000e+00
   0.000000000000e+00
   0.000000000000e+00
   0.000000000000e+00
   0.000000000000e+00
   0.000000000000e+00
   0.000000000000e+00
   0.000000000000e+00
   0.000000000000e+00
   0.000000000000e+00
   0.000000000000e+00
   0.000000000000e+00
   0.000000000000e+00
   0.000000000000e+00
   0.000000000000e+00
   0.000000000000e+00
   0.000000000000e+00
   0.000000000000e+00
   0.000000000000e+00
   0.000000000000e+00
   0.000000000000e+00
   0.000000000000e+00
   0.000000000000e+00
   0.000000000000e+00
   0.000000000000e+00
   0.000000000000e+00
   0.000000000000e+00
   0.000000000000e+00
   0.000000000000e+00
   0.000000000000e+00
   0.000000000000e+00
   0.000000000000e+00
  -8.799792570209e-01
   0.000000000000e+00
   0.000000000000e+00
   0.000000000000e+00
   0.000000000000e+00
   8.834280583470e-01
  -1.062449755793e+00
   0.000000000000e+00
   0.000000000000e+00
   0.000000000000e+00
   0.000000000000e+00
   0.000000000000e+00
   0.000000000000e+00
   0.000000000000e+00
   0.000000000000e+00
   0.000000000000e+00
   0.000000000000e+00
   0.000000000000e+00
   0.000000000000e+00
   0.000000000000e+00
   0.000000000000e+00
   0.000000000000e+00
   0.000000000000e+00
   0.000000000000e+00
   0.000000000000e+00
   0.000000000000e+00
   0.000000000000e+00
   0.000000000000e+00
   0.000000000000e+00
   0.000000000000e+00
   1.030494147188e+00
   0.000000000000e+00
   0.000000000000e+00
   0.000000000000e+00
   0.000000000000e+00
   0.000000000000e+00
  -8.887921098806e-01
   0.000000000000e+00
   0.000000000000e+00
   0.000000000000e+00
   0.000000000000e+00
   0.000000000000e+00
   0.000000000000e+00
   0.000000000000e+00
   0.000000000000e+00
   0.000000000000e+00
   0.000000000000e+00
   0.000000000000e+00
   0.000000000000e+00
   0.000000000000e+00
   0.000000000000e+00
   0.000000000000e+00
   0.000000000000e+00
  -8.286242664325e-01
   0.000000000000e+00
   0.000000000000e+00
   0.000000000000e+00
   0.000000000000e+00
   0.000000000000e+00
   0.000000000000e+00
   0.000000000000e+00
   0.000000000000e+00
   0.000000000000e+00
   0.000000000000e+00
   0.000000000000e+00
   0.000000000000e+00
   0.000000000000e+00
   0.000000000000e+00
   0.000000000000e+00
   0.000000000000e+00
   0.000000000000e+00
   0.000000000000e+00
   0.000000000000e+00
   0.000000000000e+00
   0.000000000000e+00
   0.000000000000e+00
   0.000000000000e+00
   0.000000000000e+00
   0.000000000000e+00
   0.000000000000e+00
   0.000000000000e+00
   0.000000000000e+00
   0.000000000000e+00
   0.000000000000e+00
   0.000000000000e+00
   0.000000000000e+00
   0.000000000000e+00
   8.969847155369e-01
   0.000000000000e+00
   0.000000000000e+00
   0.000000000000e+00
   0.000000000000e+00
   9.326598386499e-01
   0.000000000000e+00
   8.417446745505e-01
   0.000000000000e+00
   0.000000000000e+00
   0.000000000000e+00
   0.000000000000e+00
   0.000000000000e+00
   0.000000000000e+00
   0.000000000000e+00
   0.000000000000e+00
   0.000000000000e+00
   0.000000000000e+00
   0.000000000000e+00
   0.000000000000e+00
   0.000000000000e+00
   0.000000000000e+00
   0.000000000000e+00
   0.000000000000e+00
   0.000000000000e+00
   0.000000000000e+00
   0.000000000000e+00
   0.000000000000e+00
   0.000000000000e+00
   0.000000000000e+00
   0.000000000000e+00
   0.000000000000e+00
   0.000000000000e+00
   0.000000000000e+00
   0.000000000000e+00
   0.000000000000e+00
   0.000000000000e+00
