   6.241592422844e-17
   3.053062408041e-16
  -4.996933349903e-16
  -1.367233744983e-16
   1.141229516728e-16
  -1.935112099551e-16
  -7.385789319667e-16
   3.587782623476e-17
   6.081146536403e-16
   2.483532503621e-16
   8.300180763858e-16
   9.671645188373e-16
  -2.279907961544e-17
  -4.397132448933e-16
   2.553416505908e-16
   7.941807166550e-16
  -3.424529497402e-16
   7.605590194603e-17
   6.660670081279e-18
   6.669461233694e-18
  -5.133106744471e-17
  -2.764251001058e-16
  -1.860945113134e-16
  -2.945491027928e-16
  -4.298832628003e-16
   5.514999291336e-17
   0.000000000000e+00
  -3.545665079478e-28
   5.985721105976e-29
  -1.640606037204e-29
  -1.117757973837e+00
   1.130872847119e-28
  -2.374584211133e-28
  -2.533953095375e-42
  -2.443458257599e-42
  -1.612727786242e-42
   3.918424656479e-43
   5.602017889472e-43
  -2.227952930703e-43
   5.444247987855e-44
  -5.626695975147e-45
  -5.667623567138e-45
   2.327234231092e-43
   1.170788026673e-45
   1.345791470111e-44
   3.592699737024e-44
   0.000000000000e+00
   0.000000000000e+00
  -1.889571896943e-44
   0.000000000000e+00
   0.000000000000e+00
   0.000000000000e+00
   0.000000000000e+00
   0.000000000000e+00
   0.000000000000e+00
   0.000000000000e+00
   0.000000000000e+00
   0.000000000000e+00
   0.000000000000e+00
   0.000000000000e+00
   0.000000000000e+00
   0.000000000000e+00
   0.000000000000e+00
   0.000000000000e+00
   0.000000000000e+00
   0.000000000000e+00
  -8.519505486726e-01
   9.251799451823e-01
  -1.238140255773e+00
   0.000000000000e+00
   0.000000000000e+00
   0.000000000000e+00
   0.000000000000e+00
   0.000000000000e+00
   0.000000000000e+00
   0.000000000000e+00
   0.000000000000e+00
   0.000000000000e+00
   0.000000000000e+00
   0.000000000000e+00
   0.000000000000e+00
   0.000000000000e+00
   0.000000000000e+00
   0.000000000000e+00
   0.000000000000e+00
   0.000000000000e+00
   0.000000000000e+00
   0.000000000000e+00
   0.000000000000e+00
   0.000000000000e+00
   0.000000000000e+00
   0.000000000000e+00
   0.000000000000e+00
   0.000000000000e+00
   0.000000000000e+00
   0.000000000000e+00
   0.000000000000e+00
   0.000000000000e+00
   0.000000000000e+00
   0.000000000000e+00
   0.000000000000e+00
   0.000000000000e+00
   0.000000000000e+00
   0.000000000000e+00
   0.000000000000e+00
   0.000000000000e+00
   0.000000000000e+00
   0.000000000000e+00
   0.000000000000e+00
   0.000000000000e+00
   0.000000000000e+00
   0.000000000000e+00
   0.000000000000e+00
   0.000000000000e+00
   0.000000000000e+00
   9.463072920052e-01
   0.000000000000e+00
   0.000000000000e+00
   0.000000000000e+00
   0.000000000000e+00
   0.000000000000e+00
   0.000000000000e+00
   0.000000000000e+00
   0.000000000000e+00
   1.198078244571e+00
   0.000000000000e+00
   0.000000000000e+00
   0.000000000000e+00
   0.000000000000e+00
   0.000000000000e+00
   0.000000000000e+00
   0.000000000000e+00
   0.000000000000e+00
   0.000000000000e+00
   0.000000000000e+00
   1.036478473977e+00
   0.000000000000e+00
   0.000000000000e+00
   0.000000000000e+00
   0.000000000000e+00
   0.000000000000e+00
  -1.074477894770e+00
   0.000000000000e+00
   0.000000000000e+00
   0.000000000000e+00
   0.000000000000e+00
   0.000000000000e+00
   0.000000000000e+00
   0.000000000000e+00
   0.000000000000e+00
   0.000000000000e+00
   0.000000000000e+00
   0.000000000000e+00
   0.000000000000e+00
   0.000000000000e+00
   0.000000000000e+00
   0.000000000000e+00
  -9.361425466665e-01
   0.000000000000e+00
   0.000000000000e+00
   0.000000000000e+00
   0.000000000000e+00
   0.000000000000e+00
   0.000000000000e+00
   0.000000000000e+00
   0.000000000000e+00
   0.000000000000e+00
   9.475842095819e-01
   0.000000000000e+00
   0.000000000000e+00
   0.000000000000e+00
   0.000000000000e+00
   9.730089236265e-01
   0.000000000000e+00
   0.000000000000e+00
   0.000000000000e+00
   0.000000000000e+00
   0.000000000000e+00
   0.000000000000e+00
   0.000000000000e+00
   0.000000000000e+00
   0.000000000000e+00
   0.000000000000e+00
   0.000000000000e+00
   0.000000000000e+00
   0.000000000000e+00
   0.000000000000e+00
   0.000000000000e+00
   0.000000000000e+00
  -1.026639020145e+00
   0.000000000000e+00
   0.000000000000e+00
   0.000000000000e+00
   0.000000000000e+00
   0.000000000000e+00
   1.034809907820e+00
   0.000000000000e+00
   0.000000000000e+00
   0.000000000000e+00
   0.000000000000e+00
  -1.012744799846e+00
   0.000000000000e+00
   0.000000000000e+00
   0.000000000000e+00
   0.000000000000e+00
   0.000000000000e+00
   0.000000000000e+00
   0.000000000000e+00
   0.000000000000e+00
   0.000000000000e+00
   0.000000000000e+00
   0.000000000000e+00
   0.000000000000e+00
   0.000000000000e+00
   0.000000000000e+00
   0.000000000000e+00
   0.000000000000e+00
   0.000000000000e+00
   0.000000000000e+00
   0.000000000000e+00
   0.000000000000e+00
   0.000000000000e+00
   0.000000000000e+00
   0.000000000000e+00
   0.000000000000e+00
   1.024581511848e+00
   0.000000000000e+00
   0.000000000000e+00
   0.000000000000e+00
   0.000000000000e+00
   0.000000000000e+00
   0.000000000000e+00
   0.000000000000e+00
   0.000000000000e+00
   0.000000000000e+00
   0.000000000000e+00
   0.000000000000e+00
   0.000000000000e+00
   0.000000000000e+00
   0.000000000000e+00
   0.000000000000e+00
   0.000000000000e+00
   0.000000000000e+00
   0.000000000000e+00
   0.000000000000e+00
   0.000000000000e+00
   0.000000000000e+00
   0.000000000000e+00
   0.000000000000e+00
   0.000000000000e+00
   0.000000000000e+00
   0.000000000000e+00
   0.000000000000e+00
   0.000000000000e+00
   0.000000000000e+00
   0.000000000000e+00
   0.000000000000e+00
   0.000000000000e+00
   0.000000000000e+00
   0.000000000000e+00
   0.000000000000e+00
   0.000000000000e+00
   0.000000000000e+00
   0.000000000000e+00
   0.000000000000e+00
   0.000000000000e+00
   0.000000000000e+00
   0.000000000000e+00
   0.000000000000e+00
   0.000000000000e+00
   0.000000000000e+00
  -1.019790177287e+00
   0.000000000000e+00
   0.000000000000e+00
   0.000000000000e+00
   0.000000000000e+00
   0.000000000000e+00
   0.000000000000e+00
   0.000000000000e+00
   0.000000000000e+00
   0.000000000000e+00
   0.000000000000e+00
   0.000000000000e+00
   0.000000000000e+00
   0.000000000000e+00
   0.000000000000e+00
   0.000000000000e+00
   0.000000000000e+00
   0.000000000000e+00
   0.000000000000e+00
   0.000000000000e+00
   0.000000000000e+00
   0.000000000000e+00
   0.000000000000e+00
   0.000000000000e+00
   0.000000000000e+00
   0.000000000000e+00
   0.000000000000e+00
   0.000000000000e+00
   0.000000000000e+00
   0.000000000000e+00
   0.000000000000e+00
   0.000000000000e+00
   0.000000000000e+00
   0.000000000000e+00
   0.000000000000e+00
   0.000000000000e+00
   0.000000000000e+00
   0.000000000000e+00
   0.000000000000e+00
   0.000000000000e+00
   0.000000000000e+00
   0.000000000000e+00
   0.000000000000e+00
   0.000000000000e+00
   0.000000000000e+00
   0.000000000000e+00
   0.000000000000e+00
   0.000000000000e+00
   0.000000000000e+00
   0.000000000000e+00
   0.000000000000e+00
   0.000000000000e+00
   0.000000000000e+00
   0.000000000000e+00
   0.000000000000e+00
   0.000000000000e+00
   0.000000000000e+00
   0.000000000000e+00
   0.000000000000e+00
   0.000000000000e+00
   0.000000000000e+00
   0.000000000000e+00
   0.000000000000e+00
   0.000000000000e+00
   0.000000000000e+00
   0.000000000000e+00
   0.000000000000e+00
   0.000000000000e+00
   0.000000000000e+00
   0.000000000000e+00
   0.000000000000e+00
   0.000000000000e+00
   0.000000000000e+00
   0.000000000000e+00
   0.000000000000e+00
   0.000000000000e+00
   0.000000000000e+00
   0.000000000000e+00
   0.000000000000e+00
   0.000000000000e+00
   0.000000000000e+00
   0.000000000000e+00
   0.000000000000e+00
   0.000000000000e+00
   0.000000000000e+00
   0.000000000000e+00
   0.000000000000e+00
   0.000000000000e+00
   0.000000000000e+00
   0.000000000000e+00
   0.000000000000e+00
   0.000000000000e+00
   0.000000000000e+00
   0.000000000000e+00
   0.000000000000e+00
   0.000000000000e+00
   0.000000000000e+00
   0.000000000000e+00
   0.000000000000e+00
   0.000000000000e+00
   0.000000000000e+00
   0.000000000000e+00
   0.000000000000e+00
   0.000000000000e+00
   0.000000000000e+00
  -9.611630416714e-01
   0.000000000000e+00
   0.000000000000e+00
   0.000000000000e+00
   0.000000000000e+00
   9.699101709590e-01
  -1.127988814429e+00
   0.000000000000e+00
   0.000000000000e+00
   0.000000000000e+00
   0.000000000000e+00
   0.000000000000e+00
   0.000000000000e+00
   0.000000000000e+00
   0.000000000000e+00
   0.000000000000e+00
   0.000000000000e+00
   0.000000000000e+00
   0.000000000000e+00
   0.000000000000e+00
   0.000000000000e+00
   0.000000000000e+00
   0.000000000000e+00
   0.000000000000e+00
   0.000000000000e+00
   0.000000000000e+00
   0.000000000000e+00
   0.000000000000e+00
   0.000000000000e+00
   0.000000000000e+00
   1.151163329846e+00
   0.000000000000e+00
   0.000000000000e+00
   0.000000000000e+00
   0.000000000000e+00
   0.000000000000e+00
  -9.193060868534e-01
   0.000000000000e+00
   0.000000000000e+00
   0.000000000000e+00
   0.000000000000e+00
   0.000000000000e+00
   0.000000000000e+00
   0.000000000000e+00
   0.000000000000e+00
   0.000000000000e+00
   0.000000000000e+00
   0.000000000000e+00
   0.000000000000e+00
   0.000000000000e+00
   0.000000000000e+00
   0.000000000000e+00
   0.000000000000e+00
  -9.124491095501e-01
   0.000000000000e+00
   0.000000000000e+00
   0.000000000000e+00
   0.000000000000e+00
   0.000000000000e+00
   0.000000000000e+00
   0.000000000000e+00
   0.000000000000e+00
   0.000000000000e+00
   0.000000000000e+00
   0.000000000000e+00
   0.000000000000e+00
   0.000000000000e+00
   0.000000000000e+00
   0.000000000000e+00
   0.000000000000e+00
   0.000000000000e+00
   0.000000000000e+00
   0.000000000000e+00
   0.000000000000e+00
   0.000000000000e+00
   0.000000000000e+00
   0.000000000000e+00
   0.000000000000e+00
   0.000000000000e+00
   0.000000000000e+00
   0.000000000000e+00
   0.000000000000e+00
   0.000000000000e+00
   0.000000000000e+00
   0.000000000000e+00
   0.000000000000e+00
   0.000000000000e+00
   9.631762846475e-01
   0.000000000000e+00
   0.000000000000e+00
   0.000000000000e+00
   0.000000000000e+00
   1.061266835343e+00
   0.000000000000e+00
   9.148023791010e-01
   0.000000000000e+00
   0.000000000000e+00
   0.000000000000e+00
   0.000000000000e+00
   0.000000000000e+00
   0.000000000000e+00
   0.000000000000e+00
   0.000000000000e+00
   0.000000000000e+00
   0.000000000000e+00
   0.000000000000e+00
   0.000000000000e+00
   0.000000000000e+00
   0.000000000000e+00
   0.000000000000e+00
   0.000000000000e+00
   0.000000000000e+00
   0.000000000000e+00
   0.000000000000e+00
   0.000000000000e+00
   0.000000000000e+00
   0.000000000000e+00
   0.000000000000e+00
   0.000000000000e+00
   0.000000000000e+00
   0.000000000000e+00
   0.000000000000e+00
   0.000000000000e+00
   0.000000000000e+00
