   2.985078091174e-16
  -2.048162762360e-15
  -2.396206068508e-16
   1.786879787888e-16
   5.086299364285e-16
  -1.159123126069e-16
  -5.090384604423e-16
  -5.584913142012e-16
  -4.259778445394e-16
  -3.919178227482e-16
  -1.604534309795e-16
  -8.194153438662e-16
   2.259374741712e-16
  -6.690480591612e-16
  -6.325706623448e-16
   3.421359083202e-16
   3.016499213178e-16
  -2.030061592634e-15
   3.292897267120e-16
   5.425796697366e-16
  -6.423462204283e-17
  -6.754916094256e-01
   1.395742886228e-15
  -1.601388880761e-16
   7.333368682818e-16
   5.118926872917e-16
  -6.286518682750e-16
  -1.803180420908e-17
   1.169290013165e-16
  -3.549581239429e-16
   5.221813694041e-16
  -2.970876671016e-16
  -1.084678042464e+00
  -2.789552139986e-16
  -1.789382594202e-16
  -2.869269695743e-16
  -5.361536002263e-16
  -1.122352651975e+00
   2.300419632652e-16
   7.017998971291e-01
   1.876978550807e-16
  -1.780407042986e-16
   1.575648397532e-16
   9.140012814120e-16
   3.892099963340e-16
   1.740130135028e-16
   1.241944427459e-15
  -1.140070808925e-16
   6.295072709112e-16
  -4.724256811136e-16
   3.049124461083e-16
  -3.152743620062e-17
   3.649790347763e-17
  -7.325119098776e-17
   7.723416161946e-17
  -7.493959802903e-17
  -5.645784052449e-16
  -2.201177554679e-16
  -1.271517122120e-16
   1.824126354843e-16
  -8.759842146791e-18
  -4.369732194556e-16
  -1.126625647698e+00
  -1.361372073068e-16
   1.259215436526e-16
  -1.317459154490e-16
  -3.199772654766e-16
  -1.019173492438e+00
   3.163934313227e-17
  -2.109458920253e-16
  -9.887251688575e-17
  -2.646955978355e-20
  -6.997141739833e-19
  -5.388059130666e-20
  -3.870936437575e-20
   0.000000000000e+00
   0.000000000000e+00
   0.000000000000e+00
   0.000000000000e+00
   0.000000000000e+00
   0.000000000000e+00
   0.000000000000e+00
   0.000000000000e+00
   0.000000000000e+00
   0.000000000000e+00
   0.000000000000e+00
   0.000000000000e+00
   0.000000000000e+00
   0.000000000000e+00
   0.000000000000e+00
   0.000000000000e+00
   0.000000000000e+00
   0.000000000000e+00
   0.000000000000e+00
   0.000000000000e+00
   7.680268361265e-01
   0.000000000000e+00
   0.000000000000e+00
   0.000000000000e+00
   0.000000000000e+00
   0.000000000000e+00
   0.000000000000e+00
   0.000000000000e+00
   0.000000000000e+00
   0.000000000000e+00
   0.000000000000e+00
   0.000000000000e+00
   0.000000000000e+00
   0.000000000000e+00
   0.000000000000e+00
   0.000000000000e+00
   0.000000000000e+00
   0.000000000000e+00
   0.000000000000e+00
   8.745096940540e-01
   0.000000000000e+00
   0.000000000000e+00
   0.000000000000e+00
   0.000000000000e+00
   0.000000000000e+00
   0.000000000000e+00
   0.000000000000e+00
   0.000000000000e+00
   0.000000000000e+00
   0.000000000000e+00
   0.000000000000e+00
   0.000000000000e+00
   0.000000000000e+00
   0.000000000000e+00
   0.000000000000e+00
   0.000000000000e+00
   0.000000000000e+00
  -1.233540309837e+00
   0.000000000000e+00
   0.000000000000e+00
   0.000000000000e+00
   0.000000000000e+00
   0.000000000000e+00
  -1.315281408490e+00
   0.000000000000e+00
   0.000000000000e+00
   0.000000000000e+00
   0.000000000000e+00
  -8.188869866613e-01
   0.000000000000e+00
   0.000000000000e+00
   0.000000000000e+00
   0.000000000000e+00
   0.000000000000e+00
   0.000000000000e+00
   0.000000000000e+00
   0.000000000000e+00
   0.000000000000e+00
  -9.563798926388e-01
   0.000000000000e+00
   0.000000000000e+00
   0.000000000000e+00
   0.000000000000e+00
   0.000000000000e+00
  -9.607668615830e-01
   0.000000000000e+00
  -6.443802055716e-01
   0.000000000000e+00
   0.000000000000e+00
   0.000000000000e+00
   0.000000000000e+00
   1.097777869622e+00
   0.000000000000e+00
   0.000000000000e+00
  -7.792836860537e-01
   0.000000000000e+00
  -9.862660013986e-01
   0.000000000000e+00
   0.000000000000e+00
   0.000000000000e+00
   0.000000000000e+00
   0.000000000000e+00
   0.000000000000e+00
   0.000000000000e+00
   0.000000000000e+00
   0.000000000000e+00
   0.000000000000e+00
   0.000000000000e+00
   0.000000000000e+00
   0.000000000000e+00
   0.000000000000e+00
   0.000000000000e+00
  -7.978472178843e-01
   0.000000000000e+00
   0.000000000000e+00
   0.000000000000e+00
   0.000000000000e+00
   0.000000000000e+00
   0.000000000000e+00
   0.000000000000e+00
   0.000000000000e+00
   0.000000000000e+00
   1.162646774418e+00
   0.000000000000e+00
  -5.576242948440e-01
   0.000000000000e+00
   0.000000000000e+00
   0.000000000000e+00
   0.000000000000e+00
   0.000000000000e+00
   0.000000000000e+00
   0.000000000000e+00
  -1.962123147139e+00
   0.000000000000e+00
   0.000000000000e+00
   0.000000000000e+00
   0.000000000000e+00
   0.000000000000e+00
   0.000000000000e+00
   0.000000000000e+00
   0.000000000000e+00
  -1.096724877070e+00
   0.000000000000e+00
  -6.359085273931e-01
   0.000000000000e+00
   0.000000000000e+00
   0.000000000000e+00
   0.000000000000e+00
   0.000000000000e+00
   0.000000000000e+00
   0.000000000000e+00
   0.000000000000e+00
   0.000000000000e+00
   0.000000000000e+00
   0.000000000000e+00
   0.000000000000e+00
   0.000000000000e+00
   0.000000000000e+00
   0.000000000000e+00
   0.000000000000e+00
   0.000000000000e+00
   0.000000000000e+00
   0.000000000000e+00
   0.000000000000e+00
   0.000000000000e+00
   0.000000000000e+00
   0.000000000000e+00
  -8.195025058406e-01
   0.000000000000e+00
   0.000000000000e+00
   0.000000000000e+00
   0.000000000000e+00
   0.000000000000e+00
   9.859615997884e-01
   0.000000000000e+00
   0.000000000000e+00
   0.000000000000e+00
   0.000000000000e+00
   0.000000000000e+00
   0.000000000000e+00
   0.000000000000e+00
   0.000000000000e+00
   0.000000000000e+00
   0.000000000000e+00
   0.000000000000e+00
   0.000000000000e+00
  -8.494281700302e-01
   0.000000000000e+00
   0.000000000000e+00
   0.000000000000e+00
   0.000000000000e+00
   0.000000000000e+00
   0.000000000000e+00
   0.000000000000e+00
   0.000000000000e+00
   0.000000000000e+00
   0.000000000000e+00
   0.000000000000e+00
   0.000000000000e+00
   0.000000000000e+00
   0.000000000000e+00
   0.000000000000e+00
   0.000000000000e+00
   0.000000000000e+00
   0.000000000000e+00
   0.000000000000e+00
   0.000000000000e+00
   0.000000000000e+00
   0.000000000000e+00
   0.000000000000e+00
   0.000000000000e+00
   0.000000000000e+00
   0.000000000000e+00
   0.000000000000e+00
   1.017286437253e+00
   0.000000000000e+00
   0.000000000000e+00
   0.000000000000e+00
   0.000000000000e+00
   0.000000000000e+00
   0.000000000000e+00
   0.000000000000e+00
   0.000000000000e+00
   0.000000000000e+00
   0.000000000000e+00
   0.000000000000e+00
   0.000000000000e+00
   0.000000000000e+00
  -1.128972633139e+00
   0.000000000000e+00
   0.000000000000e+00
   0.000000000000e+00
   0.000000000000e+00
  -9.675635728801e-01
   0.000000000000e+00
   0.000000000000e+00
   0.000000000000e+00
   0.000000000000e+00
   0.000000000000e+00
   0.000000000000e+00
   0.000000000000e+00
   8.509979980277e-01
   0.000000000000e+00
   0.000000000000e+00
   0.000000000000e+00
   0.000000000000e+00
   0.000000000000e+00
   0.000000000000e+00
   0.000000000000e+00
   0.000000000000e+00
   0.000000000000e+00
   0.000000000000e+00
   0.000000000000e+00
   0.000000000000e+00
   0.000000000000e+00
   0.000000000000e+00
   6.543288034154e-01
   0.000000000000e+00
   0.000000000000e+00
   0.000000000000e+00
   0.000000000000e+00
   0.000000000000e+00
   0.000000000000e+00
   0.000000000000e+00
   0.000000000000e+00
   0.000000000000e+00
   0.000000000000e+00
   0.000000000000e+00
   0.000000000000e+00
   0.000000000000e+00
   0.000000000000e+00
   0.000000000000e+00
   0.000000000000e+00
   0.000000000000e+00
   0.000000000000e+00
   0.000000000000e+00
   0.000000000000e+00
   0.000000000000e+00
  -8.918119980222e-01
   0.000000000000e+00
   0.000000000000e+00
  -1.398826242731e+00
   0.000000000000e+00
   0.000000000000e+00
   0.000000000000e+00
   0.000000000000e+00
   0.000000000000e+00
   0.000000000000e+00
   0.000000000000e+00
   0.000000000000e+00
   0.000000000000e+00
   0.000000000000e+00
   0.000000000000e+00
   0.000000000000e+00
  -9.921196665211e-01
   0.000000000000e+00
   0.000000000000e+00
   0.000000000000e+00
   0.000000000000e+00
   0.000000000000e+00
   0.000000000000e+00
   0.000000000000e+00
   0.000000000000e+00
  -9.874810382400e-01
  -6.680476967092e-01
   0.000000000000e+00
   0.000000000000e+00
   0.000000000000e+00
   0.000000000000e+00
   0.000000000000e+00
   0.000000000000e+00
   0.000000000000e+00
  -1.384738548492e+00
   0.000000000000e+00
   0.000000000000e+00
   8.223906127721e-01
   0.000000000000e+00
   1.209915622075e+00
   0.000000000000e+00
   0.000000000000e+00
   0.000000000000e+00
   0.000000000000e+00
   0.000000000000e+00
  -1.474734786579e+00
   0.000000000000e+00
   0.000000000000e+00
   0.000000000000e+00
   1.207920252249e+00
   0.000000000000e+00
   0.000000000000e+00
   0.000000000000e+00
   0.000000000000e+00
   0.000000000000e+00
   0.000000000000e+00
   0.000000000000e+00
   0.000000000000e+00
   0.000000000000e+00
   1.187275490843e+00
   0.000000000000e+00
   0.000000000000e+00
   0.000000000000e+00
   0.000000000000e+00
   0.000000000000e+00
   0.000000000000e+00
   0.000000000000e+00
   0.000000000000e+00
   0.000000000000e+00
   0.000000000000e+00
   0.000000000000e+00
   0.000000000000e+00
   0.000000000000e+00
   0.000000000000e+00
   0.000000000000e+00
   0.000000000000e+00
   0.000000000000e+00
   0.000000000000e+00
   4.639718495744e-01
   7.160348262855e-01
   0.000000000000e+00
   0.000000000000e+00
   0.000000000000e+00
   1.169973609388e+00
   0.000000000000e+00
   6.036457087129e-01
   0.000000000000e+00
   0.000000000000e+00
   0.000000000000e+00
   0.000000000000e+00
   0.000000000000e+00
   0.000000000000e+00
   0.000000000000e+00
   0.000000000000e+00
   0.000000000000e+00
   0.000000000000e+00
   1.573838004224e+00
   0.000000000000e+00
   0.000000000000e+00
   0.000000000000e+00
   0.000000000000e+00
   0.000000000000e+00
   7.942423626023e-01
   0.000000000000e+00
   0.000000000000e+00
   0.000000000000e+00
   0.000000000000e+00
   0.000000000000e+00
   0.000000000000e+00
   0.000000000000e+00
   0.000000000000e+00
   0.000000000000e+00
   0.000000000000e+00
   1.251580298506e+00
   0.000000000000e+00
   0.000000000000e+00
   0.000000000000e+00
   0.000000000000e+00
   0.000000000000e+00
   0.000000000000e+00
   0.000000000000e+00
   0.000000000000e+00
   0.000000000000e+00
   0.000000000000e+00
   0.000000000000e+00
   0.000000000000e+00
   0.000000000000e+00
   0.000000000000e+00
   0.000000000000e+00
  -1.117756908411e+00
   0.000000000000e+00
   0.000000000000e+00
   0.000000000000e+00
   0.000000000000e+00
   0.000000000000e+00
   1.823571848010e+00
   0.000000000000e+00
   9.091664340549e-01
  -6.974514074904e-01
  -7.198943435088e-01
   0.000000000000e+00
   0.000000000000e+00
   0.000000000000e+00
   0.000000000000e+00
   0.000000000000e+00
   0.000000000000e+00
   0.000000000000e+00
   0.000000000000e+00
   0.000000000000e+00
   0.000000000000e+00
   0.000000000000e+00
   0.000000000000e+00
   0.000000000000e+00
   0.000000000000e+00
   0.000000000000e+00
   0.000000000000e+00
   0.000000000000e+00
   0.000000000000e+00
   0.000000000000e+00
   0.000000000000e+00
   0.000000000000e+00
   0.000000000000e+00
   0.000000000000e+00
   0.000000000000e+00
   0.000000000000e+00
   0.000000000000e+00
   9.122753492385e-01
   0.000000000000e+00
   0.000000000000e+00
   1.556662285306e+00
   0.000000000000e+00
   0.000000000000e+00
   0.000000000000e+00
   0.000000000000e+00
   0.000000000000e+00
   0.000000000000e+00
   0.000000000000e+00
   0.000000000000e+00
   0.000000000000e+00
   0.000000000000e+00
   0.000000000000e+00
   0.000000000000e+00
   0.000000000000e+00
   0.000000000000e+00
   0.000000000000e+00
   0.000000000000e+00
   0.000000000000e+00
   0.000000000000e+00
   0.000000000000e+00
   0.000000000000e+00
   0.000000000000e+00
   0.000000000000e+00
   0.000000000000e+00
   0.000000000000e+00
   0.000000000000e+00
   0.000000000000e+00
  -8.139152228238e-01
   0.000000000000e+00
   0.000000000000e+00
   0.000000000000e+00
   0.000000000000e+00
   0.000000000000e+00
   0.000000000000e+00
   0.000000000000e+00
   9.416549742038e-01
   0.000000000000e+00
   0.000000000000e+00
   8.629097344949e-01
   0.000000000000e+00
   0.000000000000e+00
   0.000000000000e+00
   0.000000000000e+00
   0.000000000000e+00
   0.000000000000e+00
   0.000000000000e+00
   0.000000000000e+00
   0.000000000000e+00
   0.000000000000e+00
   0.000000000000e+00
   0.000000000000e+00
   0.000000000000e+00
   0.000000000000e+00
   0.000000000000e+00
   0.000000000000e+00
   0.000000000000e+00
   0.000000000000e+00
   0.000000000000e+00
  -1.221487145338e+00
   0.000000000000e+00
   0.000000000000e+00
   0.000000000000e+00
   0.000000000000e+00
   0.000000000000e+00
   0.000000000000e+00
   0.000000000000e+00
   0.000000000000e+00
   0.000000000000e+00
   0.000000000000e+00
   0.000000000000e+00
   0.000000000000e+00
   0.000000000000e+00
   0.000000000000e+00
   0.000000000000e+00
   0.000000000000e+00
   0.000000000000e+00
  -1.073405737636e+00
  -1.270536173227e+00
   0.000000000000e+00
  -7.213892153994e-01
   0.000000000000e+00
  -7.485806031460e-01
   0.000000000000e+00
   0.000000000000e+00
   0.000000000000e+00
   0.000000000000e+00
   0.000000000000e+00
   0.000000000000e+00
   0.000000000000e+00
   0.000000000000e+00
   0.000000000000e+00
   0.000000000000e+00
   0.000000000000e+00
   0.000000000000e+00
  -1.660254712591e+00
   0.000000000000e+00
   0.000000000000e+00
   0.000000000000e+00
   0.000000000000e+00
   0.000000000000e+00
   0.000000000000e+00
   0.000000000000e+00
   0.000000000000e+00
   0.000000000000e+00
   0.000000000000e+00
   0.000000000000e+00
   0.000000000000e+00
   0.000000000000e+00
   0.000000000000e+00
   0.000000000000e+00
   0.000000000000e+00
   9.638389966036e-01
   0.000000000000e+00
   0.000000000000e+00
   0.000000000000e+00
   0.000000000000e+00
   0.000000000000e+00
   0.000000000000e+00
   0.000000000000e+00
   0.000000000000e+00
   0.000000000000e+00
   0.000000000000e+00
   0.000000000000e+00
   0.000000000000e+00
   0.000000000000e+00
   0.000000000000e+00
   0.000000000000e+00
   0.000000000000e+00
   0.000000000000e+00
   0.000000000000e+00
   0.000000000000e+00
   0.000000000000e+00
   0.000000000000e+00
   0.000000000000e+00
   0.000000000000e+00
   0.000000000000e+00
   0.000000000000e+00
   0.000000000000e+00
   0.000000000000e+00
   0.000000000000e+00
   0.000000000000e+00
   0.000000000000e+00
   0.000000000000e+00
   0.000000000000e+00
   0.000000000000e+00
   0.000000000000e+00
   0.000000000000e+00
  -7.505578670315e-01
   0.000000000000e+00
   0.000000000000e+00
   0.000000000000e+00
   0.000000000000e+00
   9.145425696041e-01
   0.000000000000e+00
   0.000000000000e+00
   0.000000000000e+00
   0.000000000000e+00
   0.000000000000e+00
  -5.178420456246e-01
   0.000000000000e+00
   0.000000000000e+00
   0.000000000000e+00
   0.000000000000e+00
   0.000000000000e+00
   0.000000000000e+00
   0.000000000000e+00
   0.000000000000e+00
   0.000000000000e+00
   0.000000000000e+00
   0.000000000000e+00
   0.000000000000e+00
   0.000000000000e+00
  -1.185633913093e+00
   0.000000000000e+00
   0.000000000000e+00
   0.000000000000e+00
   0.000000000000e+00
   0.000000000000e+00
